['VZ', 0, 1, 0, 0, 0]
['VZ', 57.70732065969894, 58.3457544522358, 58.41327299888342, 58.16279253037313, 57.30621003681309, 57.328813131161624, 57.02085906354379, 56.43154872972893, 56.403555766604256, 57.30908464164966]

['T', 0, 0, 0, 1, 1]
['T', 29.778121245646968, 56.407659895623325, 59.87348463788138, 55.81873861459283, 54.88751974314986, 57.20453258201193, 57.00655212884856, 56.36756320573919, 56.46513123437876, 57.35448195784339]

['WMT', 1, 1, 0, 0, 0]
['WMT', 140.09807504768128, 70.31426439015199, 56.618098755333165, 56.932534332944314, 60.98261287601921, 57.974146827465596, 56.95481372758507, 56.36232832008585, 56.420308011527354, 57.2840228522175]

['MGM', 0, 0, 0, 1, 1]
['MGM', 39.695632355576514, 57.94630393052887, 59.3827494126489, 58.44067742657728, 56.93814417079333, 56.756391147520795, 56.97310840546936, 56.35452358560005, 56.45078841418895, 57.33859198029872]

['GPS', 0, 0, 0, 1, 1]
['GPS', 32.78809026489887, 51.21278581455349, 56.388916727627475, 57.95984555376068, 57.69908527373027, 57.98385354592964, 57.04328809289841, 56.47119497680164, 56.462836774556905, 57.182715373499605]

['GT', 0, 0, 0, 1, 1]
['GT', 17.90614303766115, 60.0993651364749, 60.61994587142832, 58.27214692647708, 56.45228332523544, 57.12514940061177, 56.96947700628429, 56.33452681924901, 56.45698519988732, 57.357560433879364]

['BBY', 1, 1, 0, 0, 0]
['BBY', 119.34832608703172, 57.683689530849605, 59.452773505728224, 56.49890623025673, 56.44326649769128, 60.09175512538147, 56.931024161830294, 56.33102793625809, 56.45819920140529, 57.32236254116609]

['AFG', 1, 1, 0, 0, 0]
['AFG', 118.95306737803297, 62.0640121117785, 52.046681601193384, 58.59653782175678, 60.61173826110773, 58.94394777568587, 56.96836963515717, 56.358114338020975, 56.41503615282134, 57.31879155900512]

['ERJ', 0, 0, 0, 1, 1]
['ERJ', 11.420771009812555, 56.854805599117306, 59.745955756590064, 57.818955520488984, 55.20421341368464, 56.01360099718236, 56.97044502103432, 56.34698758100232, 56.455185067168514, 57.337897342007004]

['MYE', 0, 0, 0, 1, 1]
['MYE', 21.242730326048896, 57.07030048929306, 61.35650089155866, 57.33356278615391, 57.826735935583685, 60.67863071699384, 56.98267992666926, 56.33791826500991, 56.44274599000855, 57.34715905199851]

['ECPG', 0, 0, 0, 1, 1]
['ECPG', 37.92036559354385, 58.91019134070289, 58.28779979459026, 58.12647600476629, 56.53186086607638, 55.71596507514031, 56.96280932206291, 56.36766094238152, 56.51344078550866, 57.36677680813371]

['GCO', 0, 0, 0, 1, 1]
['GCO', 49.64599765945991, 58.08363032277014, 58.25093054453405, 57.68082002608242, 57.26898221131947, 57.05129817820874, 56.99978525980463, 56.36353798795117, 56.49852430398501, 57.338101491154106]

['MPC', 0, 0, 0, 1, 1]
['MPC', 53.88161420358586, 58.42461576026388, 58.587962899821136, 58.33348933290475, 57.397679497920194, 57.52217586986437, 56.92956291404617, 56.28958290263343, 56.3762253321842, 57.319268261187204]

['TRI', 1, 1, 0, 0, 0]
['TRI', 91.85433255126428, 61.87950916555893, 56.18138620856101, 56.9863933923558, 56.169384486347184, 58.30757298050863, 56.93789055482952, 56.33567251490784, 56.411044459684696, 57.268468710480995]

['UFI', 0, 0, 0, 1, 1]
['UFI', 28.474500636909088, 57.388519967469094, 58.52924995970092, 56.04645696727883, 57.78575312136087, 56.32544852230829, 57.00340125780258, 56.345525558798506, 56.48431997666834, 57.34992019022717]
