model = GRU
lookback = 20
hidden_dim = 32
num_layers = 2
num_epochs = 100
lr = 0.01
optimizer = Adam


pred: [57.29999923706055, 56.939998626708984, 56.31999969482422, 56.43000030517578, 57.31999969482422]
true: [57.3843879699707, 57.198097229003906, 56.9423828125, 56.495784759521484, 56.386592864990234]
pred: ['VZ', 0, 0, 1, 0, 0]
true: ['VZ', 0, 0, 1, 0, 0]

pred: [31.399999618530273, 30.90999984741211, 30.770000457763672, 30.959999084472656, 31.339998245239258]
true: [31.072967529296875, 31.443180084228516, 31.12586212158203, 30.86777114868164, 30.940479278564453]
pred: ['T', 0, 0, 1, 0, 0]
true: ['T', 0, 0, 1, 0, 0]

pred: [139.89999389648438, 137.91000366210938, 138.3800048828125, 137.88999938964844, 139.6300048828125]
true: [139.554443359375, 139.36871337890625, 138.1992645263672, 138.00440979003906, 137.7165069580078]
pred: ['WMT', 0, 0, 1, 0, 0]
true: ['WMT', 0, 0, 1, 0, 0]

pred: [41.5099983215332, 41.470001220703125, 42.19999694824219, 42.02000045776367, 40.41999816894531]
true: [40.01678466796875, 40.47898864746094, 40.55527114868164, 41.0323486328125, 41.02080154418945]
pred: ['MGM', 0, 0, 1, 0, 0]
true: ['MGM', 0, 1, 0, 1, 0]

pred: [34.0099983215332, 33.470001220703125, 34.400001525878906, 34.2599983215332, 33.849998474121094]
true: [33.027671813964844, 33.7380485534668, 33.394954681396484, 34.03010559082031, 33.999717712402344]
pred: ['GPS', 0, 1, 0, 1, 0]
true: ['GPS', 0, 0, 0, 1, 0]

pred: [18.270000457763672, 17.920000076293945, 17.950000762939453, 18.079999923706055, 17.739999771118164]
true: [17.588191986083984, 17.980833053588867, 17.911056518554688, 17.8881893157959, 17.965150833129883]
pred: ['GT', 0, 0, 0, 1, 0]
true: ['GT', 0, 0, 0, 1, 0]

pred: [117.73999786376953, 117.01998901367188, 118.3499984741211, 117.19000244140625, 118.29000854492188]
true: [116.24664306640625, 115.91203308105469, 115.4316177368164, 115.92185974121094, 115.6046371459961]
pred: ['BBY', 0, 0, 1, 0, 0]
true: ['BBY', 0, 0, 1, 0, 0]

pred: [123.77999877929688, 122.75000762939453, 124.08000183105469, 122.56000518798828, 123.17000579833984]
true: [118.71275329589844, 119.99010467529297, 120.02257537841797, 120.60633087158203, 120.10916137695312]
pred: ['AFG', 0, 1, 0, 0, 0]
true: ['AFG', 0, 0, 1, 0, 0]

pred: [11.260001182556152, 11.700000762939453, 11.59000015258789, 11.729999542236328, 11.3100004196167]
true: [10.757098197937012, 10.901667594909668, 11.226555824279785, 11.32162094116211, 11.414851188659668]
pred: ['ERJ', 0, 1, 0, 1, 0]
true: ['ERJ', 0, 1, 0, 1, 0]

pred: [21.780000686645508, 21.700000762939453, 21.959999084472656, 22.09000015258789, 22.3700008392334]
true: [21.408098220825195, 21.612070083618164, 21.577604293823242, 21.7769718170166, 21.916645050048828]
pred: ['MYE', 0, 1, 0, 0, 0]
true: ['MYE', 0, 1, 0, 0, 0]

pred: [38.720001220703125, 38.97999954223633, 38.58000183105469, 38.970001220703125, 38.95000076293945]
true: [38.43795394897461, 38.669857025146484, 38.98448944091797, 38.67876052856445, 38.94639587402344]
pred: ['ECPG', 0, 0, 1, 0, 0]
true: ['ECPG', 0, 0, 1, 0, 0]

pred: [48.75, 47.09000015258789, 50.810001373291016, 52.27000045776367, 51.43000030517578]
true: [46.67670822143555, 48.29970169067383, 47.48881912231445, 49.96442413330078, 52.0052375793457]
pred: ['GCO', 1, 1, 0, 1, 1]
true: ['GCO', 1, 1, 0, 1, 1]

pred: [53.0, 53.27000045776367, 53.88999938964844, 55.439998626708984, 56.040000915527344]
true: [52.57451629638672, 53.058807373046875, 53.48677062988281, 54.07236099243164, 55.43418502807617]
pred: ['MPC', 1, 1, 0, 1, 0]
true: ['MPC', 1, 1, 0, 1, 0]

pred: [91.87999725341797, 92.04000091552734, 92.77000427246094, 92.2300033569336, 93.1500015258789]
true: [90.32553100585938, 90.3211441040039, 90.41959381103516, 90.86752319335938, 90.7298583984375]
pred: ['TRI', 0, 1, 0, 0, 0]
true: ['TRI', 0, 0, 1, 0, 0]

pred: [27.829999923706055, 27.530000686645508, 27.90999984741211, 28.700000762939453, 26.600000381469727]
true: [27.225683212280273, 27.804685592651367, 27.693904876708984, 27.96225357055664, 28.720653533935547]
pred: ['UFI', 0, 0, 0, 1, 0]
true: ['UFI', 1, 1, 0, 1, 0]