[57.32880349821087, 57.02085942186537, 56.431551213233334, 56.40355380046977, 57.309081963543356]
[57.29999923706055, 56.939998626708984, 56.31999969482422, 56.43000030517578, 57.31999969482422]
[57.29999923706055, 56.939998626708984, 56.31999969482422, 56.43000030517578, 57.31999969482422]
[31.4484613198977, 30.884629355015147, 30.66391819677199, 30.946793556257, 31.369586175998595]
[31.399999618530273, 30.90999984741211, 30.770000457763672, 30.959999084472656, 31.339998245239258]
[31.399999618530273, 30.90999984741211, 30.770000457763672, 30.959999084472656, 31.339998245239258]
[139.86019341651848, 138.1631081743557, 138.4155885905493, 138.00498877699826, 139.54731931226405]
[139.89999389648438, 137.91000366210938, 138.3800048828125, 137.88999938964844, 139.6300048828125]
[139.89999389648438, 137.91000366210938, 138.3800048828125, 137.88999938964844, 139.6300048828125]
[41.527611464067235, 41.50416016242413, 42.19501775682006, 42.06865970400352, 40.388023787068526]
[41.5099983215332, 41.470001220703125, 42.19999694824219, 42.02000045776367, 40.41999816894531]
[41.5099983215332, 41.470001220703125, 42.19999694824219, 42.02000045776367, 40.41999816894531]
[33.722297974573436, 33.53840690411521, 34.18464164928245, 34.22337461466523, 33.97906576269446]
[34.0099983215332, 33.470001220703125, 34.400001525878906, 34.2599983215332, 33.849998474121094]
[34.0099983215332, 33.470001220703125, 34.400001525878906, 34.2599983215332, 33.849998474121094]
[18.303775613208558, 17.931024589216594, 17.950251451160145, 18.069624117367827, 17.739260136472343]
[18.270000457763672, 17.920000076293945, 17.950000762939453, 18.079999923706055, 17.739999771118164]
[18.270000457763672, 17.920000076293945, 17.950000762939453, 18.079999923706055, 17.739999771118164]
[117.81537020950071, 117.0535987097298, 118.40196831100936, 117.18283942545317, 118.37951747105924]
[117.73999786376953, 117.01998901367188, 118.3499984741211, 117.19000244140625, 118.29000854492188]
[117.73999786376953, 117.01998901367188, 118.3499984741211, 117.19000244140625, 118.29000854492188]
[123.48511038966404, 123.0656864670931, 123.88120256610976, 122.77409905168346, 122.97940035279493]
[123.77999877929688, 122.75000762939453, 124.08000183105469, 122.56000518798828, 123.17000579833984]
[123.77999877929688, 122.75000762939453, 124.08000183105469, 122.56000518798828, 123.17000579833984]
[11.260306040718435, 11.674156800752844, 11.585387024496837, 11.708300161878782, 11.29955180697442]
[11.260001182556152, 11.700000762939453, 11.59000015258789, 11.729999542236328, 11.3100004196167]
[11.260001182556152, 11.700000762939453, 11.59000015258789, 11.729999542236328, 11.3100004196167]
[21.746260437113445, 21.73240631753689, 21.954926783269347, 22.088305499202143, 22.37334633219587]
[21.780000686645508, 21.700000762939453, 21.959999084472656, 22.09000015258789, 22.3700008392334]
[21.780000686645508, 21.700000762939453, 21.959999084472656, 22.09000015258789, 22.3700008392334]
[38.698131072336885, 38.96672978312396, 38.551719404835595, 39.04178319953282, 38.90695200406481]
[38.720001220703125, 38.97999954223633, 38.58000183105469, 38.970001220703125, 38.95000076293945]
[38.720001220703125, 38.97999954223633, 38.58000183105469, 38.970001220703125, 38.95000076293945]
[48.78320939558751, 47.065691411535475, 50.6406012527886, 52.15504315317256, 51.194933050423806]
[48.75, 47.09000015258789, 50.810001373291016, 52.27000045776367, 51.43000030517578]
[48.75, 47.09000015258789, 50.810001373291016, 52.27000045776367, 51.43000030517578]
[52.94803408716135, 53.24015925007158, 53.96681234084746, 55.43630271732103, 56.17070750587441]
[53.0, 53.27000045776367, 53.88999938964844, 55.439998626708984, 56.040000915527344]
[53.0, 53.27000045776367, 53.88999938964844, 55.439998626708984, 56.040000915527344]
[91.89694368646477, 92.0455276510654, 92.72733486372896, 92.34969941916724, 93.13039333605946]
[91.87999725341797, 92.04000091552734, 92.77000427246094, 92.2300033569336, 93.1500015258789]
[91.87999725341797, 92.04000091552734, 92.77000427246094, 92.2300033569336, 93.1500015258789]
[27.784977919910215, 27.603087401246306, 27.83141844628134, 28.713227627098384, 26.646499708885507]
[27.829999923706055, 27.530000686645508, 27.90999984741211, 28.700000762939453, 26.600000381469727]
[27.829999923706055, 27.530000686645508, 27.90999984741211, 28.700000762939453, 26.600000381469727]




AVERAGES:

VZ [57.30960065744399, 56.966952225094445, 56.35718353429392, 56.42118480360711, 57.31636045106393]
T [57.30960065744399, 56.966952225094445, 56.35718353429392, 56.42118480360711, 57.31636045106393]
WMT [57.30960065744399, 56.966952225094445, 56.35718353429392, 56.42118480360711, 57.31636045106393]
MGM [57.30960065744399, 56.966952225094445, 56.35718353429392, 56.42118480360711, 57.31636045106393]
GPS [57.30960065744399, 56.966952225094445, 56.35718353429392, 56.42118480360711, 57.31636045106393]
GT [57.30960065744399, 56.966952225094445, 56.35718353429392, 56.42118480360711, 57.31636045106393]
BBY [57.30960065744399, 56.966952225094445, 56.35718353429392, 56.42118480360711, 57.31636045106393]
AFG [57.30960065744399, 56.966952225094445, 56.35718353429392, 56.42118480360711, 57.31636045106393]
ERJ [57.30960065744399, 56.966952225094445, 56.35718353429392, 56.42118480360711, 57.31636045106393]
MYE [57.30960065744399, 56.966952225094445, 56.35718353429392, 56.42118480360711, 57.31636045106393]
ECPG [57.30960065744399, 56.966952225094445, 56.35718353429392, 56.42118480360711, 57.31636045106393]
GCO [57.30960065744399, 56.966952225094445, 56.35718353429392, 56.42118480360711, 57.31636045106393]
MPC [57.30960065744399, 56.966952225094445, 56.35718353429392, 56.42118480360711, 57.31636045106393]
TRI [57.30960065744399, 56.966952225094445, 56.35718353429392, 56.42118480360711, 57.31636045106393]
UFI [57.30960065744399, 56.966952225094445, 56.35718353429392, 56.42118480360711, 57.31636045106393]
