model = LSTM
lookback = 20
hidden_dim = 32
num_layers = 2
num_epochs = 100
lr = 0.01
optimizer = Adam


pred: [57.29999923706055, 56.939998626708984, 56.31999969482422, 56.43000030517578, 57.31999969482422]
true: [57.95064163208008, 57.87027359008789, 57.75013732910156, 57.56631851196289, 57.384273529052734]
pred: ['VZ', 0, 0, 1, 0, 0]
true: ['VZ', 0, 0, 1, 0, 0]

pred: [31.399999618530273, 30.90999984741211, 30.770000457763672, 30.959999084472656, 31.339998245239258]
true: [30.344148635864258, 30.79111671447754, 31.02762794494629, 31.087121963500977, 31.102914810180664]
pred: ['T', 0, 1, 0, 0, 0]
true: ['T', 0, 0, 1, 0, 0]

pred: [139.89999389648438, 137.91000366210938, 138.3800048828125, 137.88999938964844, 139.6300048828125]
true: [140.4342803955078, 140.37069702148438, 140.00814819335938, 139.62318420410156, 139.234619140625]
pred: ['WMT', 0, 0, 1, 0, 0]
true: ['WMT', 0, 0, 1, 0, 0]

pred: [41.5099983215332, 41.470001220703125, 42.19999694824219, 42.02000045776367, 40.41999816894531]
true: [40.52783203125, 40.714141845703125, 40.91312789916992, 41.18449783325195, 41.42006301879883]
pred: ['MGM', 0, 0, 1, 0, 0]
true: ['MGM', 0, 1, 0, 1, 0]

pred: [34.0099983215332, 33.470001220703125, 34.400001525878906, 34.2599983215332, 33.849998474121094]
true: [32.510013580322266, 32.79180145263672, 32.9758186340332, 33.250423431396484, 33.47360610961914]
pred: ['GPS', 0, 1, 0, 0, 0]
true: ['GPS', 0, 0, 0, 1, 0]

pred: [18.270000457763672, 17.920000076293945, 17.950000762939453, 18.079999923706055, 17.739999771118164]
true: [17.6688289642334, 17.78751564025879, 17.854949951171875, 17.897754669189453, 17.949705123901367]
pred: ['GT', 0, 0, 1, 0, 0]
true: ['GT', 0, 0, 0, 1, 0]

pred: [117.73999786376953, 117.01998901367188, 118.3499984741211, 117.19000244140625, 118.29000854492188]
true: [118.2808609008789, 118.0224838256836, 117.70169830322266, 117.58511352539062, 117.4169692993164]
pred: ['BBY', 0, 0, 1, 0, 0]
true: ['BBY', 0, 0, 1, 0, 0]

pred: [123.77999877929688, 122.75000762939453, 124.08000183105469, 122.56000518798828, 123.17000579833984]
true: [120.56128692626953, 121.26472473144531, 121.85750579833984, 122.46251678466797, 122.82019805908203]
pred: ['AFG', 0, 1, 0, 0, 0]
true: ['AFG', 0, 0, 1, 0, 0]

pred: [11.260001182556152, 11.700000762939453, 11.59000015258789, 11.729999542236328, 11.3100004196167]
true: [10.904093742370605, 10.926788330078125, 11.042547225952148, 11.14997673034668, 11.262627601623535]
pred: ['ERJ', 0, 1, 0, 0, 0]
true: ['ERJ', 0, 1, 0, 1, 0]

pred: [21.780000686645508, 21.700000762939453, 21.959999084472656, 22.09000015258789, 22.3700008392334]
true: [21.4826602935791, 21.57821273803711, 21.63243865966797, 21.724945068359375, 21.846023559570312]
pred: ['MYE', 0, 1, 0, 0, 0]
true: ['MYE', 0, 1, 0, 0, 0]

pred: [38.720001220703125, 38.97999954223633, 38.58000183105469, 38.970001220703125, 38.95000076293945]
true: [38.60392379760742, 38.612770080566406, 38.72818374633789, 38.70357894897461, 38.774620056152344]
pred: ['ECPG', 0, 0, 1, 0, 0]
true: ['ECPG', 0, 0, 1, 0, 0]

pred: [48.75, 47.09000015258789, 50.810001373291016, 52.27000045776367, 51.43000030517578]
true: [46.55115509033203, 46.867069244384766, 47.05055236816406, 47.947139739990234, 49.26506042480469]
pred: ['GCO', 1, 1, 0, 1, 0]
true: ['GCO', 1, 1, 0, 1, 1]

pred: [53.0, 53.27000045776367, 53.88999938964844, 55.439998626708984, 56.040000915527344]
true: [52.65491485595703, 52.567108154296875, 52.64303207397461, 52.911102294921875, 53.55549621582031]
pred: ['MPC', 1, 1, 0, 0, 0]
true: ['MPC', 1, 1, 0, 1, 0]

pred: [91.87999725341797, 92.04000091552734, 92.77000427246094, 92.2300033569336, 93.1500015258789]
true: [91.81991577148438, 91.8227310180664, 91.83590698242188, 91.94910430908203, 92.03093719482422]
pred: ['TRI', 0, 0, 1, 0, 0]
true: ['TRI', 0, 0, 1, 0, 0]

pred: [27.829999923706055, 27.530000686645508, 27.90999984741211, 28.700000762939453, 26.600000381469727]
true: [27.52092933654785, 27.46925926208496, 27.444355010986328, 27.502981185913086, 27.717090606689453]
pred: ['UFI', 0, 0, 0, 1, 0]
true: ['UFI', 1, 1, 0, 1, 0]